_chirp_duration: 7.463556851311954e-05
_freq_center: 78.7908804664723
_wave_length: 0.003804913160318978
adc_sample_bits: 16
adc_sample_rate: 3430
adc_shape: !!python/tuple
- 100
- 64
- 12
- 256
angle_resolution: 0.01227184609375
bandwidth: 3581.7609329446063
doppler_resolution: 0.3982803997770415
file_size: 39321600
freq_slope: 47.99
fs: 640
num_angle_bins: 256
num_antenna: 12
num_chirps: 64
num_doppler_bins: 64
num_elevation_bins: 64
num_fast_samples: 256
num_frames: 100
num_lanes: 2
num_range_bins: 256
num_rx: 4
num_slow_samples: 64
num_tx: 3
range_resolution: 0.041849869884188116
